1, 4, 5, 6, 7, 10, 11, 12, 15, 16, 19



1 4 5
	1 4 5 6
		1 4 5 6 7 10
			1 4 5 6 7 10 11
				1 4 5 6 7 10 11 12 15 16 19
			1 4 5 6 7 10 12
				1 4 5 6 7 10 12 15 16 19
	1 4 5 7
		1 4 5 7 10
			1 4 5 7 10 11
				1 4 5 7 10 11 12 15 16 19
			1 4 5 7 10 12
				1 4 5 7 10 12 15 16 19
1 4 6
	1 4 6 7
		1 4 6 7 10
			1 4 6 7 10 11
				1 4 6 7 10 11 12 15 16 19
			1 4 6 7 10 12
				1 4 6 7 10 12 15 16 19
1 4 7
	1 4 7 10
		1 4 7 10 11
				1 4 7 10 11 12 15 16 19
		1 4 7 10 12
				1 4 7 10 12 15 16 19 

