Chromosome(data=[7, 7, 7, 7, 5, 1, 0, 1, 3, 5, 2, 3, 6, 0, 1, 7], value=281450305109007, fitness=2, output=[2, 4, 1, 2, 7, 5, 0, 3, 4, 7, 1, 7, 5, 5, 3, 2])
Chromosome(data=[7, 7, 7, 2, 5, 1, 0, 1, 3, 7, 2, 3, 6, 0, 1, 7], value=281106708249615, fitness=2, output=[2, 4, 1, 2, 7, 5, 0, 3, 4, 7, 1, 7, 5, 5, 3, 2])
Chromosome(data=[5, 3, 2, 2, 3, 5, 0, 1, 3, 4, 5, 0, 5, 6, 6, 1], value=190384113355697, fitness=0, output=[2, 4, 1, 2, 7, 5, 0, 3, 4, 7, 1, 7, 5, 5, 3, 0])
Chromosome(data=[4, 7, 4, 2, 3, 5, 0, 1, 3, 4, 5, 0, 5, 6, 6, 1], value=173891438939057, fitness=1, output=[2, 4, 1, 2, 7, 5, 0, 3, 4, 7, 1, 7, 5, 5, 3, 1])
Chromosome(data=[7, 7, 7, 2, 5, 1, 0, 1, 6, 4, 2, 3, 6, 0, 1, 7], value=281106713754639, fitness=2, output=[2, 4, 1, 2, 7, 5, 0, 3, 4, 7, 1, 7, 5, 5, 3, 2])
Chromosome(data=[7, 7, 7, 7, 5, 1, 0, 1, 6, 4, 0, 3, 6, 0, 1, 7], value=281450311072783, fitness=2, output=[2, 4, 1, 2, 7, 5, 0, 3, 4, 7, 1, 7, 5, 5, 3, 2])
Chromosome(data=[3, 6, 2, 2, 3, 5, 0, 1, 3, 4, 0, 3, 6, 0, 1, 7], value=133209508559887, fitness=3, output=[2, 4, 1, 2, 7, 5, 0, 3, 4, 7, 1, 7, 5, 5, 2, 7])
Chromosome(data=[7, 7, 7, 2, 5, 1, 0, 1, 3, 4, 2, 3, 6, 0, 1, 7], value=281106707463183, fitness=2, output=[2, 4, 1, 2, 7, 5, 0, 3, 4, 7, 1, 7, 5, 5, 3, 2])
Chromosome(data=[7, 7, 7, 2, 5, 1, 0, 1, 3, 5, 2, 3, 6, 0, 1, 7], value=281106707725327, fitness=2, output=[2, 4, 1, 2, 7, 5, 0, 3, 4, 7, 1, 7, 5, 5, 3, 2])
Chromosome(data=[7, 3, 2, 2, 3, 5, 0, 1, 3, 5, 2, 3, 6, 0, 1, 7], value=260752857709583, fitness=2, output=[2, 4, 1, 2, 7, 5, 0, 3, 4, 7, 1, 7, 5, 5, 3, 2])
Chromosome(data=[7, 7, 7, 7, 5, 1, 0, 1, 3, 4, 6, 3, 6, 0, 1, 7], value=281450304977935, fitness=2, output=[2, 4, 1, 2, 7, 5, 0, 3, 4, 7, 1, 7, 5, 5, 3, 2])
Chromosome(data=[7, 7, 2, 2, 3, 5, 0, 1, 3, 4, 2, 3, 6, 0, 1, 7], value=278345043491855, fitness=2, output=[2, 4, 1, 2, 7, 5, 0, 3, 4, 7, 1, 7, 5, 5, 3, 2])
Chromosome(data=[1, 6, 2, 2, 3, 5, 0, 1, 3, 4, 6, 3, 6, 0, 1, 7], value=62840764578831, fitness=4, output=[2, 4, 1, 2, 7, 5, 0, 3, 4, 7, 1, 7, 5, 5, 3, 4])
Chromosome(data=[3, 7, 7, 2, 5, 1, 0, 1, 6, 5, 2, 3, 6, 0, 1, 7], value=140369225661455, fitness=3, output=[2, 4, 1, 2, 7, 5, 0, 3, 4, 7, 1, 7, 5, 5, 2, 7])
Chromosome(data=[7, 3, 2, 2, 3, 5, 0, 1, 3, 4, 5, 0, 5, 6, 6, 1], value=260752857533361, fitness=2, output=[2, 4, 1, 2, 7, 5, 0, 3, 4, 7, 1, 7, 5, 5, 3, 2])
Chromosome(data=[1, 6, 2, 2, 3, 5, 0, 1, 3, 4, 2, 3, 6, 0, 1, 7], value=62840764447759, fitness=4, output=[2, 4, 1, 2, 7, 5, 0, 3, 4, 7, 1, 7, 5, 5, 3, 4])
Chromosome(data=[7, 7, 7, 2, 5, 1, 0, 1, 6, 4, 2, 3, 6, 0, 1, 7], value=281106713754639, fitness=2, output=[2, 4, 1, 2, 7, 5, 0, 3, 4, 7, 1, 7, 5, 5, 3, 2])
Chromosome(data=[5, 3, 2, 2, 3, 5, 0, 1, 3, 4, 6, 3, 6, 0, 1, 7], value=190384113400847, fitness=0, output=[2, 4, 1, 2, 7, 5, 0, 3, 4, 7, 1, 7, 5, 5, 3, 0])
Chromosome(data=[5, 3, 2, 2, 3, 5, 0, 1, 3, 4, 5, 0, 5, 6, 6, 1], value=190384113355697, fitness=0, output=[2, 4, 1, 2, 7, 5, 0, 3, 4, 7, 1, 7, 5, 5, 3, 0])
Chromosome(data=[7, 7, 7, 7, 5, 1, 0, 1, 3, 4, 5, 0, 5, 6, 6, 1], value=281450304932785, fitness=2, output=[2, 4, 1, 2, 7, 5, 0, 3, 4, 7, 1, 7, 5, 5, 3, 2])
Chromosome(data=[7, 7, 7, 2, 5, 1, 0, 1, 3, 4, 5, 0, 5, 6, 6, 1], value=281106707549105, fitness=2, output=[2, 4, 1, 2, 7, 5, 0, 3, 4, 7, 1, 7, 5, 5, 3, 2])
Chromosome(data=[5, 3, 2, 2, 3, 5, 0, 1, 3, 5, 2, 3, 6, 0, 1, 7], value=190384113531919, fitness=0, output=[2, 4, 1, 2, 7, 5, 0, 3, 4, 7, 1, 7, 5, 5, 3, 0])
Chromosome(data=[5, 3, 2, 2, 3, 5, 0, 1, 3, 4, 0, 3, 6, 0, 1, 7], value=190384113204239, fitness=0, output=[2, 4, 1, 2, 7, 5, 0, 3, 4, 7, 1, 7, 5, 5, 3, 0])
Chromosome(data=[7, 7, 2, 2, 3, 5, 0, 1, 3, 5, 2, 3, 6, 0, 1, 7], value=278345043753999, fitness=2, output=[2, 4, 1, 2, 7, 5, 0, 3, 4, 7, 1, 7, 5, 5, 3, 2])
